zeePtBinLowEdge=0.,2.,4.,8.,12.,16.,20.,24.,28.,32.,36.,40.,50.,60.,70.,80.,95.,110.,130.,160.
zeePtWeight=1.02217,0.980112,0.949654,0.941489,0.960746,0.964613,0.980257,0.992035,1.01263,1.01867,1.05958,1.06954,1.08576,1.07234,1.08379,1.08423,1.09249,1.08484,1.09975,1.10084

doSystematics=0
useRunDTriggersForZee=1
