zeePtBinLowEdge=0.,2.,4.,8.,12.,16.,20.,24.,28.,32.,36.,40.,50.,60.,70.,80.,95.,110.,130.,160.
zeePtWeight=1.02977,0.980612,0.939885,0.96291,0.992664,1.00623,1.06331,1.07638,1.11007,1.11462,1.10705,1.10802,1.09479,1.08993,1.06832,1.08004,1.1198,1.07788,1.0664,1.00097
