zeePtBinLowEdge=0.,2.,4.,8.,12.,16.,20.,24.,28.,32.,36.,40.,50.,60.,70.,80.,95.,110.,130.,160.
zeePtWeight=0.97832,0.948148,0.924169,0.948998,0.998948,1.02511,1.06855,1.11725,1.13716,1.1503,1.13655,1.13791,1.16493,1.14796,1.16387,1.18293,1.19392,1.1648,1.07965,1.09584
