zeePtBinLowEdge=0.,2.,4.,8.,12.,16.,20.,24.,28.,32.,36.,40.,50.,60.,70.,80.,95.,110.,130.,160.
zeePtWeight=0.981468,0.946529,0.930214,0.955397,0.986391,1.03978,1.07081,1.11195,1.11818,1.11935,1.15837,1.13396,1.14452,1.15635,1.0972,1.16192,1.16905,1.0867,1.14218,1.0666
