zeePtBinLowEdge=0.,2.,4.,8.,12.,16.,20.,24.,28.,32.,36.,40.,50.,60.,70.,80.,95.,110.,130.,160.
zeePtWeight=0.996223,0.965935,0.942246,0.966678,0.992725,1.02098,1.06308,1.08674,1.09965,1.09854,1.11501,1.10754,1.09792,1.1053,1.09274,1.11991,1.11468,1.11417,1.05881,1.03976

doSystematics=0
